0
1
2
3
4
5
6
7
8
9
10
11
12
13
14
15
16
17
18
19
20
21
22
23
24
25
26
27
1028
29
30
31
1032
33
34
35
1036
37
38
39
1040
41
42
43
1044
45
46
47
48
1026
1027
1028
1029
1030
1031
1032
1033
1034
1035
1036
1037
1038
1039
1040
1041
1042
1043
1044
1045
1046
1047
1048
1049
1050
51
52
53
1054
55
56
57
1058
59
60
61
1062
63
64
65
1066
67
68
69
1070
71
72
73
74
75
1076
77
78
79
1080
81
82
83
1084
85
86
87
1088
89
90
91
1092
93
94
95
96
97
98
99
1101
102
103
104
1105
106
107
108
1109
110
111
112
1113
114
115
116
1117
118
119
120
1121
122
123
124
100
101
102
103
129
130
131
1132
133
134
135
1136
137
138
139
1140
141
142
143
1144
145
146
147
1148
149
125
126
152
153
154
1155
156
157
158
1159
160
161
162
1163
165
166
167
1168
169
170
171
1172
173
174
150
151
1177
178
179
180
1181
182
183
184
1185
186
187
188
1189
190
191
192
1193
194
195
196
1197
199
175
176
202
203
204
1205
206
207
208
1209
210
211
212
1213
214
215
216
1217
218
219
220
1221
223
200
201
1227
228
229
230
1231
232
233
234
1235
236
237
238
1239
240
241
242
1243
245
246
247
1248
249
225
226
252
253
254
1255
256
257
258
1259
260
261
262
1263
264
265
266
1267
269
270
271
1272
273
250
251
1277
278
279
280
1281
282
283
284
1285
286
287
288
1289
290
291
292
1293
295
296
297
1298
299
275
276
302
303
304
1305
306
307
308
1309
310
311
312
1313
314
315
316
1317
319
320
321
1322
323
300
301
1327
328
329
330
1331
332
333
334
1335
336
337
338
1339
340
341
342
1343
345
346
347
1348
349
325
326
352
353
354
1355
356
357
358
1359
360
361
362
1363
364
365
366
1367
369
370
371
1372
373
350
351
1377
378
379
380
1381
382
383
384
1385
386
387
388
1389
390
391
392
1393
395
396
397
1398
399
375
376
402
403
404
1405
406
407
408
1409
410
411
412
1413
414
415
416
1417
419
420
421
1422
423
400
401
1427
428
429
430
1431
432
433
434
1435
436
437
438
1439
440
441
442
1443
445
446
447
1448
449
425
426
452
453
454
1455
456
457
458
1459
460
461
462
1463
464
465
466
1467
469
470
471
1472
473
450
451
1477
478
479
480
1481
482
483
484
1485
486
487
488
1489
490
491
492
1493
495
496
497
1498
499
475
476
502
503
504
1505
506
507
508
1509
510
511
512
1513
514
515
516
1517
519
520
521
1522
523
500
501
1527
528
529
530
1531
532
533
534
1535
536
537
538
1539
540
541
542
1543
545
546
547
1548
549
525
526
552
553
554
555
556
557
558
1559
560
561
562
1563
564
565
566
1567
568
569
570
571
572
573
574
575
1576
577
578
579
1580
581
582
583
1584
585
586
587
1588
589
590
591
1592
593
594
550
551
596
597
598
599
600
601
602
1603
604
605
606
1607
608
609
610
1611
612
613
614
615
1616
617
618
619
620
621
622
623
624