16
17
19
1021
23
25
27
28
31
32
33
1034
1035
1036
37
38
1039
1040
41
42
43
1047
1049
1051
1053
1055
57
61
1062
63
64
65
66
67
68
69
70
1071
72
73
1077
79
1081
1083
85
87
91
1092
93
1094
1095
96
97
98
99
100
1101
1102
1103
1107
109
1111
1113
115
117
1121
1122
123
124
125
126
1127
128
1129
130
1131
1132
1133
137
1139
1141
143
1145
147
1151
1152
153
154
1155
1156
1157
1158
1159
160
161
1162
163
1167
1169
171
1173
1175
1177
181
182
1183
184
1185
186
1187
188
189
190
1191
192
193
196
197
199
201
1203
205
207
208