26
27
1029
31
1033
1035
1037
1039
1041
1043
45
47
48
51
52
1053
1054
1055
56
1057
58
1059
1060
61
62
63
1064
65
66
1067
1068
1069
1070
71
72
73
77
1079
1081
83
85
1087
1089
91
93
1095
97
101
102
103
1104
1105
1106
1107
108
1109
1110
111
1112
113
1114
115
116
117
1118
119
120
1121
1122
1123
1127
1129
131
133
1135
1137
1139
141
1143
1145
1147
1151
152
153
1154
155
1156
1157
1158
159
1160
1161
162
1163
164
1165
166
1167
1168
169
1170
171
1172
1173
1177
179
181
1183
1185
1187
1189
191
1193
195
1197
1201
1202
203
1204
1205
1206
1207
208
209
210
1211
1212
1213
1214
215
1216
1217
218
1219
1220
221
222
223
1227
229
1231
1233
1235
1237
239
1241
1243
245
247
1251
252
253
254
1255
1256
257
1258
1259
1260
1261
1262
263
264
265
266
1267
1268
269
270
1271
1272
273
277
279
1281
283
1285
287
1289
1291
1293
1295
297
1301
1302
1303
304
305
306
307
1308
1309
310
311
1312
1313
314
315
316
1317
318
1319
1320
321
322
323
1327
1329
331
333
1335
337
339
1341
1343
1345
347
351
352
353
1354
1355
1356
1357
358
1359
360
361
1362
1363
1364
1365
1366
1367
368
369
370
371
1372
1373
377
379
1381
383
1385
387
389
391
393
1395
397
401
402
1403
404
1405
406
1407
408
409
1410
1411
1412
413
414
415
1416
1417
1418
1419
1420
421
422
423
427
429
431
1433
1435
437
1439
1441
443
1445
447
451
452
453
454
455
1456
457
1458
1459
1460
1461
1462
1463
1464
465
1466
467
468
1469
1470
471
472
1473
1477
1479
1481
1483
485
1487
489
1491
493
495
1497
1501
1502
1503
1504
1505
1506
1507
1508
1509
1510
511
512
1513
514
515
1516
1517
1518
519
1520
1521
522
1523
1527
1529
531
533
1535
537
539
1541
1543
1545
1547
551
552
1553
1554
1555
1556
557
1558
559
560
1561
1562
1563
564
1565
1566
1567
568
1569
1570
1571
572
573
576
577
579
1581
583
1585
1587
1589
591
593
595
597
598